======== Agent 101 ========
Global reward: -236.00 +/- 168.11
[-500.0, -500.0, -439.26, -239.82, -204.63, -133.56, -91.1, -82.78, -84.18, -84.72]
Global std: 73.30 +/- 75.29
[0.0, 0.0, 144.70961405518295, 194.98027489979594, 181.98014479607383, 128.2285709192768, 32.1171293860457, 15.00838432343735, 17.03078389270441, 18.977924017131066]
======== Agent 102 ========
Global reward: -106.17 +/- 40.46
[-97.71, -90.15, -85.52, -84.11, -86.61, -82.53, -86.72, -105.76, -222.9, -119.66]
Global std: 55.07 +/- 57.28
[29.31494328836404, 25.422971895512138, 21.551556788315782, 21.018037491640367, 18.347149642383147, 16.143391836909615, 19.034221812304278, 83.68669189303638, 195.34075355644558, 120.86142643540163]
======== Agent 103 ========
Global reward: -84.28 +/- 2.65
[-87.78, -83.22, -83.27, -82.34, -81.77, -83.21, -82.25, -82.05, -89.14, -87.75]
Global std: 17.21 +/- 7.77
[16.462429954292894, 21.09814209829861, 12.880881181037264, 10.739851023175321, 9.355057455729494, 16.61462909607073, 12.342102738188496, 10.220934399554672, 32.45335729936119, 29.888250199702224]
======== Agent 104 ========
Global reward: -197.28 +/- 170.80
[-500.0, -500.0, -354.99, -95.89, -82.59, -84.47, -81.19, -102.5, -85.53, -85.63]
Global std: 42.23 +/- 56.53
[0.0, 0.0, 193.73587664653132, 61.975139370557294, 12.67288049340007, 14.849548814694673, 14.010492496696898, 83.48071633616952, 22.09681198725282, 19.454899125927124]
======== Agent 105 ========
Global reward: -87.25 +/- 5.27
[-99.93, -89.8, -79.64, -84.73, -89.87, -89.32, -86.23, -82.62, -83.73, -86.66]
Global std: 25.24 +/- 6.72
[28.377545700782512, 25.685015086622002, 15.265333275104084, 19.164474947151565, 34.31461933345611, 35.215871421846145, 25.285511661819303, 15.38751441916465, 30.11904878976094, 23.601788067856216]
======== Agent 106 ========
Global reward: -127.04 +/- 64.62
[-190.53, -151.46, -137.86, -287.49, -83.72, -78.47, -87.8, -88.18, -84.57, -80.35]
Global std: 67.78 +/- 64.89
[71.20526033938785, 142.10168331163428, 130.20691379492874, 205.9572526035439, 23.22459041619464, 10.41004803062887, 38.05758794248526, 31.559588083496905, 14.526702998271837, 10.596579636845089]
======== Agent 107 ========
Global reward: -93.81 +/- 15.43
[-128.53, -90.16, -118.26, -85.1, -94.4, -87.74, -84.65, -86.57, -79.97, -82.7]
Global std: 33.42 +/- 23.85
[28.971177055825674, 31.902263242597694, 96.8854602094659, 17.74739417492044, 52.97754241185599, 29.7222542886639, 17.120382589182988, 26.398960206796023, 9.537772276585345, 22.945805716949668]
======== Agent 108 ========
Global reward: -132.36 +/- 68.57
[-92.86, -221.59, -164.66, -294.64, -87.97, -97.87, -86.26, -91.85, -99.5, -86.41]
Global std: 83.27 +/- 67.86
[22.546849003796517, 184.46962324458732, 159.2098125116665, 206.9188497938262, 28.439569265373905, 64.57238651312184, 31.158504457049926, 31.02913953044783, 65.12257673034752, 39.23801600488995]
======== Agent 109 ========
Global reward: -85.08 +/- 8.47
[-109.09, -80.19, -85.89, -86.15, -81.08, -86.95, -80.77, -80.22, -82.04, -78.43]
Global std: 18.93 +/- 5.89
[32.27168883092424, 15.629904030415542, 23.778938159640354, 15.427491695022882, 11.466193788699021, 21.973336114482024, 16.870005927681234, 22.621485362371764, 15.513813199855152, 13.71149517740498]
======== Agent 110 ========
Global reward: -158.00 +/- 126.62
[-315.34, -475.28, -171.84, -80.22, -91.14, -109.94, -85.24, -82.29, -84.82, -83.91]
Global std: 65.93 +/- 57.92
[178.06797690769667, 97.90291926188922, 160.9675569796597, 15.908852881336228, 37.50200527971804, 77.63798297225398, 21.112612344283686, 19.033809392762134, 22.957081696069295, 28.253528983119967]
Final reward: -130.73 +/- 52.05
[-212.177, -228.185, -172.119, -142.049, -98.37800000000001, -93.40599999999999, -85.22099999999999, -88.482, -99.63799999999999, -87.62199999999999]
Final std: 48.24 +/- 21.03
[40.72178710810704, 54.42125221715569, 95.91919436015327, 76.98376188809702, 41.027975288288424, 41.53680200079485, 22.710855135573777, 33.842722394723715, 42.469870242665415, 32.75297133652279]
