======== Agent 101 ========
Global reward: 93.96 +/- 148.40
[-94.00105507064465, -28.566441648777417, -12.549210507506995, -19.103071905838128, -15.152055921939423, 54.384989062886014, 151.1554711470654, 302.79378077878846, 289.32455370993006, 311.3095978149106]
Global std: 37.67 +/- 44.42
[0.8820856257935181, 18.13859123031013, 2.162529360677611, 1.8272907363925435, 4.854952031203061, 62.97912564935472, 146.79937290785207, 40.643016504295225, 77.07509176483923, 21.379937467778436]
Global values: 1210.10 +/- 920.38
[-423.0074, -44.932938, 623.0549, 1204.2596, 655.8979, 2326.8992, 1579.2148, 2192.8137, 1975.8344, 2010.9797]
======== Agent 102 ========
Global reward: 154.87 +/- 138.15
[-83.60962386173316, -78.11789562690345, 226.62517993030818, 7.515882254039971, 236.74795776415223, 202.88582685592118, 255.40352708045287, 262.8064136708805, 247.0080337895188, 271.42785173943673]
Global std: 83.26 +/- 36.46
[9.209555171405993, 30.338983113283966, 97.57285109769998, 88.56547805098003, 108.24021146044804, 143.95730292218815, 85.61397633868172, 84.35420404918725, 104.55194523650167, 80.17215368869758]
Global values: 1420.44 +/- 909.24
[-353.8408, 86.22312, 1766.8749, 509.02887, 1985.9033, 1743.8506, 2097.501, 2162.143, 1997.1881, 2209.5503]
======== Agent 103 ========
Global reward: 85.34 +/- 118.33
[14.512572526475473, 54.65091773369559, 154.98293381625817, 52.58990412481369, -7.596689175241809, -46.85168187383266, 22.492735029528703, 8.67465820541609, 294.9114887496084, 305.056654985944]
Global std: 78.72 +/- 46.48
[63.31450250635621, 125.52091474328259, 132.03103986580908, 129.52788052507594, 138.7439945620811, 23.715618291831785, 78.22574034645962, 37.15788094475133, 46.02549365152499, 12.90660030913928]
Global values: 1188.98 +/- 640.81
[1082.8319, 1148.2095, 1887.092, 1102.3363, 660.28143, 309.26224, 735.6446, 593.93677, 2161.7605, 2208.4111]
======== Agent 104 ========
Global reward: -0.30 +/- 13.33
[-25.400266677182973, -24.018969754950735, -5.517791023310392, 2.038196525888616, 5.034268828716631, 5.204255000635585, 2.9442757133179747, 12.460711538809925, 9.86323795418958, 14.434428725503448]
Global std: 2.26 +/- 2.33
[7.280752400210859, 2.5129865993798437, 6.20792200859553, 1.006964708384715, 1.0242996216702165, 0.3404373931987441, 0.42995870942609277, 1.4723025530821678, 0.6556202483891518, 1.6994657034618146]
Global values: -270.13 +/- 501.96
[-1092.559, -1189.683, -523.07135, -363.83856, -185.66232, -6.8923755, -54.335617, 321.6433, 106.87499, 286.245]
======== Agent 105 ========
Global reward: 155.61 +/- 131.17
[-107.24192264822312, -89.71722277763689, 260.8906132496153, 146.1653739059215, 204.6894376663855, 250.8030780883155, 184.30658776590252, 223.12855600564916, 242.4946777306308, 240.54122272718124]
Global std: 96.17 +/- 45.31
[3.4315324417714583, 27.76348398712363, 68.4941009495967, 143.072473038432, 123.35040181719312, 104.2039652655393, 143.39004979957903, 122.93690228278508, 113.32424415763045, 111.77594941751256]
Global values: 1432.96 +/- 762.90
[46.835976, -78.98899, 2127.7146, 1229.3157, 1647.4753, 1916.3722, 1650.4012, 1814.5923, 1993.2465, 1982.6581]
======== Agent 106 ========
Global reward: 151.95 +/- 152.12
[-132.79679766523572, 112.34848709771586, 236.32316859616242, -118.96518189934781, 94.38167480143952, 271.6868696730367, 256.0200931596072, 276.671486898876, 264.59826155338635, 259.20881836978356]
Global std: 80.30 +/- 49.09
[14.175390555713062, 138.2949882678819, 93.48808586923492, 2.181045124917714, 174.45412860913294, 60.258006648552616, 94.2829995082678, 56.26236343349762, 82.65634774020255, 86.89751695754835]
Global values: 797.17 +/- 1296.12
[-2630.285, 538.43713, 1299.0928, -197.9718, 665.36304, 1697.4321, 1618.9396, 1716.1101, 1641.3, 1623.3047]
======== Agent 107 ========
Global reward: 19.55 +/- 95.50
[-37.80815653045485, -26.76866349517215, -13.511566760188042, -7.396219313706986, -89.10643992518654, 0.26565576124008655, 0.6228979715040583, 11.984424561490487, 76.72338925638225, 280.46963415734916]
Global std: 17.53 +/- 24.79
[1.8310475581927532, 0.9156533543050797, 7.676260462777225, 3.0188439626600507, 0.371605548252368, 27.533202621276857, 2.364690914357956, 3.942804655337911, 53.37784614523733, 74.27696663833459]
Global values: -299.54 +/- 2074.15
[-4806.389, -1906.4265, -655.943, -413.50684, -488.95703, 130.64183, 51.206192, 94.95944, 1117.6991, 3881.2703]
======== Agent 108 ========
Global reward: 92.33 +/- 143.23
[-113.23835402786732, -37.07352845735681, -66.31469317694558, -42.79188935061526, 53.36668476890034, 149.8361055233576, 185.54020204377994, 269.8526463645365, 267.79844849095156, 256.3617189958074]
Global std: 89.77 +/- 44.56
[1.4404540314802239, 43.5688955253463, 68.10822525562224, 91.76496710910642, 136.79786870638978, 159.73468072545447, 134.50731451824817, 74.50137384041415, 87.45269171860801, 99.83137525809596]
Global values: 977.97 +/- 729.48
[45.200268, 121.23825, 163.39026, 370.17242, 804.02594, 1195.1187, 1511.389, 1920.6533, 1849.9126, 1798.6332]
======== Agent 109 ========
Global reward: 273.34 +/- 13.40
[236.05040387633136, 279.0993024760345, 273.70187903790264, 273.6819598188508, 268.4403829671065, 274.61494536686547, 276.322131006188, 284.4511339516966, 285.4116473296001, 281.62365642967865]
Global std: 30.56 +/- 21.22
[64.1866965833546, 1.6155642591906345, 40.22613308093625, 25.39542123081058, 45.52868278552255, 44.570718270737, 44.44797129853112, 0.8392273238480654, 1.1033138035850043, 37.723512535481206]
Global values: 2165.88 +/- 214.31
[1616.2415, 2078.429, 2079.7297, 2135.4795, 2164.4482, 2220.3235, 2233.651, 2381.3267, 2368.446, 2380.769]
======== Agent 110 ========
Global reward: 45.44 +/- 132.18
[21.681435600161375, -38.51480537915853, -86.15977120090021, -72.89045053075479, -64.15913378066682, 15.469255344682606, -26.325643112234392, 166.49216119110372, 232.50223215300787, 306.33557780096396]
Global std: 59.54 +/- 38.37
[87.89000548614388, 47.31316666671026, 11.12672437712977, 12.50395196260551, 73.67104052794531, 65.94496703158168, 23.631122449854768, 127.57749701054365, 109.60115669493497, 36.14802957270158]
Global values: 651.77 +/- 724.76
[499.00238, 193.43085, -8.349329, -51.495102, -117.07626, 607.4292, 338.3211, 1388.4247, 1661.1344, 2006.8448]


======== Final ========
Final reward: 107.21 +/- 88.12
[-32.185176447837364, 12.332118016748998, 96.84707419613956, 22.084450362925168, 68.66460879936662, 117.82992988031079, 130.8482277805112, 181.93159731672478, 221.0635970717206, 252.6769161746559]
Final std: 57.58 +/- 15.54
[25.364202236042257, 43.598322774681435, 52.709387232807934, 49.88643164493656, 80.70371856698384, 69.32380248197153, 75.36931967912584, 54.96875725977425, 67.58237511614533, 56.281150754875135]
Final global: 927.56 +/- 737.28
[-601.5969, 94.593636, 875.9585, 552.37805, 779.17, 1214.0436, 1176.1932, 1458.6603, 1687.3396, 2038.8668]
