======== Agent 101 ========
Global reward: -522.26 +/- 461.70
[-1415.9742308036982, -1268.4884490115846, -1109.7756816805713, -709.4700234145089, -500.0302715412015, -227.30230192342307, -187.30814711459914, -175.961255978907, -149.14547894812188, -192.7178754113568, -154.62074459345547, -176.3418462682655]
Global std: 183.26 +/- 108.90
[137.45943059579005, 183.0990632901758, 215.03608197980685, 350.7103241681139, 466.915572566195, 172.91121621213287, 118.69844026943312, 116.06473184104937, 99.62642307947088, 108.03633747165782, 111.42799002613243, 119.16687547741576]
======== Agent 102 ========
Global reward: -658.23 +/- 362.05
[-1158.9071596631372, -1010.9204298124881, -958.5409180697881, -1061.603029557572, -929.9193056454917, -574.8271318776876, -659.2248723068042, -756.8071506114948, -244.68356624169917, -200.66496904208617, -173.96049904639833, -168.72311717622506]
Global std: 302.82 +/- 145.10
[239.1460782839333, 304.8487383276422, 415.8344269885405, 318.3359358204263, 376.20644545890707, 398.8836564953106, 453.06597878864017, 575.0161834366115, 245.68783004365346, 118.15345592062566, 96.82365364279914, 91.83543147497292]
======== Agent 103 ========
Global reward: -422.90 +/- 363.55
[-1025.6042895212186, -1108.6248128337204, -985.944074708884, -432.52489086885225, -223.21988762611872, -212.82177015171095, -179.31778662208396, -175.6975397905115, -184.881269440474, -172.72319460117606, -178.09966336388658, -195.3084806060698]
Global std: 177.00 +/- 104.29
[275.2044406317655, 157.11718523646724, 371.8309624803605, 400.9062516750084, 142.83571379338235, 132.03293718613688, 107.35392661574889, 104.5002357178061, 108.53783628232152, 101.82472291469242, 108.80181900351188, 113.0613114876543]
======== Agent 104 ========
Global reward: -448.64 +/- 367.61
[-1183.6657802773448, -1012.1432994706084, -876.8323369387584, -586.513338353188, -547.8347330969432, -184.72135148616508, -176.3420130410907, -171.8213287471226, -165.65798363507375, -166.95370302284834, -156.1913093783753, -154.98222770349355]
Global std: 187.24 +/- 123.17
[180.14160442183987, 311.0182537275953, 319.0452072919757, 326.66073471916036, 449.77584013440907, 107.58477723455731, 101.98749886396261, 98.62631255785251, 91.50709753860693, 93.97334732659662, 84.376004855317, 82.23998178799316]
======== Agent 105 ========
Global reward: -716.24 +/- 436.11
[-1299.0537298605964, -1244.557978222631, -1247.3869760703296, -1165.4217870060797, -1041.5783565111715, -690.9381268614634, -603.533556315228, -305.04383646412384, -368.58548149076637, -226.59262025910604, -198.95345905058377, -203.29348369572472]
Global std: 257.50 +/- 111.39
[166.7644789523415, 203.03010074306877, 235.71363078335972, 353.00332796496684, 370.3037129033647, 432.01197540746006, 405.16518367397674, 199.59548596064556, 345.7091727938502, 139.76982756161917, 117.54287847153967, 121.39611240216068]
======== Agent 106 ========
Global reward: -400.75 +/- 313.17
[-1031.8177656225357, -876.4588194721805, -848.274762963533, -402.3855096821068, -410.9182627757941, -211.3867450647324, -182.08001492035808, -167.55313317036257, -173.76916521720966, -172.17289349345637, -164.43520784833134, -167.7037175468751]
Global std: 241.50 +/- 152.62
[485.30037668891634, 420.31450781174544, 485.22733887281186, 326.9576746923811, 356.8536366817542, 139.89603427186063, 117.7003758192417, 113.21698776572667, 116.40196031770374, 116.55973340683796, 111.00621901145368, 108.51952542506719]
======== Agent 107 ========
Global reward: -605.22 +/- 420.02
[-1359.2768585755396, -1008.4064448667318, -1045.941967170267, -1054.2726508117378, -753.6717586347494, -723.519475089541, -442.6547910784447, -209.04952751619012, -179.86694080562796, -168.1529180621414, -167.9661200688845, -149.8397874478162]
Global std: 280.96 +/- 159.72
[211.95354387311806, 320.42138004152275, 404.02446790230834, 413.3744578345625, 481.5848791295353, 515.2199894419191, 456.299666399402, 144.12210092618582, 117.19698361729456, 106.6260757947475, 106.42096338636534, 94.27332507461655]
======== Agent 108 ========
Global reward: -666.35 +/- 443.49
[-1112.8769128383462, -1179.8551227171672, -1421.9166818472977, -916.9650379536022, -838.930887900577, -842.2969455906749, -788.3007873139018, -195.44026194920764, -173.48656684466638, -176.9181678382191, -178.29277148290072, -170.9702558847447]
Global std: 164.89 +/- 65.15
[231.39059554238534, 188.08731411078267, 116.06599775181627, 158.0560466177561, 286.156828340456, 274.2524031683281, 184.45927537475902, 122.07624069994999, 100.07875549089957, 111.52324931470017, 100.67600611093013, 105.87496536785652]
======== Agent 109 ========
Global reward: -617.67 +/- 447.92
[-1376.6329705229166, -1225.8935441643698, -1123.5420914388687, -1081.5768367352002, -711.7058582668747, -397.6800021596297, -240.065768708681, -558.3709773935417, -177.20315202821047, -185.60533290894585, -165.95523163622363, -167.77178578164546]
Global std: 231.05 +/- 132.98
[146.33190804374152, 163.84115139935776, 401.5201375250561, 418.95949505835335, 393.5565701208181, 280.10124311491245, 135.134605534722, 414.9506844931056, 109.41187214012997, 115.99351330597197, 94.69449710235143, 98.14398953302735]
======== Agent 110 ========
Global reward: -596.48 +/- 434.49
[-1248.2094648320158, -1246.9128209543205, -1098.230113855824, -1127.58433022551, -608.2347510644072, -534.0037499859734, -205.1830802194262, -212.59603796130745, -267.551876926301, -268.95860737982105, -160.36026008810848, -179.89475977848284]
Global std: 258.08 +/- 126.01
[187.33592601279472, 248.56927426507065, 362.0101359052602, 378.9153002985026, 450.84934108536817, 479.5266539408708, 130.54017702909502, 222.96047070391748, 264.63947727958873, 162.36203856253493, 100.31386583792911, 108.94524184974463]
Final reward: -565.47 +/- 385.63
[-1221.201916251735, -1118.2261721525804, -1071.6385604744123, -853.8317434608358, -656.6044073063327, -459.9497600191001, -366.40108176406176, -292.83410495827695, -208.4831481578151, -193.14602820191573, -169.88352665571483, -173.4829461889343]
Final std: 228.43 +/- 91.14
[226.10283830466264, 250.03469689534285, 332.63083874812963, 344.5879548849232, 377.503854021419, 293.24208864734885, 221.04051283689813, 211.11294341028506, 159.87974085835194, 117.48223015799843, 103.20838974483297, 104.3456759880509]