======== Agent 101 ========
Global reward: -502.57 +/- 406.30
[-1151.27813673947, -1067.5212185996584, -926.7912224733132, -970.7770709913224, -739.0137480395381, -192.87040957005928, -167.9090272908192, -181.9311233783333, -151.64876424433226, -179.59012372263706, -143.12351432404583, -158.38803236587904]
Global std: 159.34 +/- 114.83
[154.30843216706825, 109.83056110709707, 184.1653189257568, 197.06322935088514, 523.9653632507951, 123.25369529421062, 104.4305213726253, 123.91557542877999, 99.04209852318999, 101.56346965739459, 92.85270287158897, 97.67905599804477]
======== Agent 102 ========
Global reward: -730.99 +/- 425.49
[-1576.2920441529714, -987.6056893936731, -948.4465037259366, -1054.3701819047703, -949.7002825312596, -667.9184235010981, -860.5038310488322, -926.0291569402907, -271.14119205560036, -187.03794663255496, -177.81977917971642, -165.05235273118183]
Global std: 291.12 +/- 154.56
[353.0715892044293, 215.2723043197745, 152.30049554752253, 327.9291449262387, 403.9235044336494, 387.20779944808277, 515.9772273846863, 566.4945003055892, 264.7610480489234, 115.44061334070949, 100.24058001472042, 90.83937331509784]
======== Agent 103 ========
Global reward: -414.55 +/- 373.51
[-1262.958788834453, -1007.9713352961385, -858.8872136182055, -252.83339292406825, -241.32769964730542, -189.0007038165274, -181.04232211472439, -179.08045644050114, -253.93977539203595, -176.96247776002448, -171.86552499575046, -198.7768882301147]
Global std: 212.06 +/- 135.31
[442.80491727304235, 444.4903562604509, 337.34863320573356, 153.80674611276694, 172.2106470810361, 107.08385679428471, 108.36345755889995, 104.82897155642915, 363.6899991600501, 100.2821661123333, 99.19810004249203, 110.66630928779492]
======== Agent 104 ========
Global reward: -464.67 +/- 439.87
[-1338.2811501706701, -1201.9430129767861, -1023.7794380786876, -618.3038085385971, -230.6688422252424, -175.04426160953008, -164.21327301262411, -174.0607671226574, -167.7288810653863, -158.66543585657374, -166.27314564688015, -157.07701216969872]
Global std: 161.64 +/- 104.10
[357.0929421995588, 216.65847708741848, 211.64454127985852, 385.9757696684787, 130.94944921588456, 96.49906748474956, 85.24742586012277, 94.48490171706791, 93.26955770653038, 84.31214907705093, 95.88169822954009, 87.60939457722641]
======== Agent 105 ========
Global reward: -577.99 +/- 294.63
[-782.2897077828645, -862.4075250273198, -1037.4154786796541, -940.890425554961, -879.5837681771815, -589.9060000273859, -465.8705338197976, -361.3011711413154, -316.86849681883353, -253.73099352530937, -221.11055652575408, -224.50065639980582]
Global std: 201.90 +/- 101.55
[172.27835922790211, 56.2411438667317, 326.8289091638163, 81.97808970729668, 108.40356616976894, 301.12266405605595, 376.39188560808213, 306.71002848073584, 249.07894607143095, 168.9727062640969, 134.64343010002045, 140.1292553106384]
======== Agent 106 ========
Global reward: -473.95 +/- 319.15
[-883.6413026997715, -935.7911777197546, -900.995159992287, -811.1768900614348, -508.236941727167, -201.04883335325403, -587.4707254633342, -176.34952576548326, -176.25295388363068, -172.1838500113401, -169.1311660666659, -165.14982229724737]
Global std: 183.81 +/- 95.01
[442.17192722341304, 183.06418074228796, 179.92475014769792, 201.52927466768432, 283.95901822777233, 124.3345022353657, 229.22193781378508, 113.09281812439956, 116.19182872232861, 113.14064627870772, 111.67166370564699, 107.36078417940648]
======== Agent 107 ========
Global reward: -657.67 +/- 464.34
[-1491.1221234815102, -1028.6773052692506, -1013.2871402996174, -1136.6782036375348, -996.8348783640284, -903.5052236108634, -470.31265090637726, -191.23282062637793, -173.36873463785741, -176.8269390426029, -162.525018491676, -147.65216047000635]
Global std: 210.17 +/- 154.53
[66.66960784102749, 198.18088866483825, 218.46152734725158, 116.10479246650564, 456.57828851153147, 488.10159179310136, 458.0427590580149, 124.70495351142561, 113.28358107789086, 104.85011092964096, 96.9640732095419, 80.11471302847185]
======== Agent 108 ========
Global reward: -570.69 +/- 343.34
[-956.6966876195557, -1088.258134709485, -926.244294045046, -898.7793928720755, -693.6088310446962, -607.0792155392514, -724.2623594137793, -222.71863300205675, -175.3984200426843, -195.25582060191547, -183.95352617446798, -176.00813969023525]
Global std: 101.07 +/- 27.86
[141.01970433512741, 77.04978168989683, 47.21860843652789, 80.19209707505821, 109.89492003546238, 88.10674279431123, 72.85904706631219, 145.2540562302431, 104.90168702401829, 126.15257316003976, 109.07284897652814, 111.14853580187207]
======== Agent 109 ========
Global reward: -634.01 +/- 453.08
[-1465.634430908576, -1273.4355724550132, -987.9287642873022, -1039.2905310130752, -833.9935725874957, -625.0093619272037, -440.37275494630796, -237.87475207272965, -178.78428817425504, -190.90347416190605, -165.832438401198, -169.07135357492837]
Global std: 199.74 +/- 104.08
[83.62992702235162, 204.71636417662646, 299.46750480072404, 385.5669288479496, 323.2668280815662, 316.88956702699045, 233.34328699494145, 143.64588932574603, 101.39779176722142, 113.38368403204143, 92.9632502636726, 98.6600782273779]
======== Agent 110 ========
Global reward: -516.16 +/- 332.80
[-967.9018912627519, -966.1306590873376, -924.4621307245898, -986.9090178344654, -592.5732669558446, -396.6130483316758, -197.50427305698395, -237.485572881361, -253.166039048711, -300.6533645433148, -173.65579833128956, -196.843466259822]
Global std: 259.63 +/- 126.54
[226.31223999008296, 110.63217362666043, 293.28464059726116, 347.47267488453247, 571.5623745351955, 364.9820194269179, 132.38286345706788, 272.3439995905173, 312.35584765640255, 196.02822922965234, 114.92930119489563, 173.26947662757445]
Final reward: -554.33 +/- 358.32
[-1187.6096263652596, -1041.9741630534415, -954.8237345924638, -871.0008915332306, -666.5541831299759, -454.7995481286848, -425.94617510735804, -288.80639793711066, -211.82975453633267, -199.18104258581792, -173.52904681374443, -175.85198841889195]
Final std: 198.05 +/- 58.82
[243.9359646484004, 181.61362315417827, 225.06449294521502, 227.76187477073964, 308.47139595426614, 239.75815063540705, 231.6260412174538, 199.54756942709338, 181.79723857579864, 122.41263480816676, 104.84176486086471, 109.7476976353505]
